<?xml version="1.0"?>
<opencv_storage>
<calibration_time>"Sun Jun  7 15:33:00 2015"</calibration_time>
<nframes>40</nframes>
<image_width>640</image_width>
<image_height>480</image_height>
<board_width>9</board_width>
<board_height>6</board_height>
<square_size>1.</square_size>
<flags>0</flags>
<camera_matrix type_id="opencv-matrix">
  <rows>3</rows>
  <cols>3</cols>
  <dt>d</dt>
  <data>
    7.7962567133152334e+02 0. 3.4892029494855672e+02 0.
    7.8032625979211673e+02 2.3142217557944477e+02 0. 0. 1.</data></camera_matrix>
<distortion_coefficients type_id="opencv-matrix">
  <rows>5</rows>
  <cols>1</cols>
  <dt>d</dt>
  <data>
    -5.4685310644162155e-02 8.7686811198279258e-02
    -1.1372978669938485e-03 4.0449013384984698e-03
    -8.3180210461136539e-01</data></distortion_coefficients>
<avg_reprojection_error>9.2071213899229354e-01</avg_reprojection_error>
<per_view_reprojection_errors type_id="opencv-matrix">
  <rows>40</rows>
  <cols>1</cols>
  <dt>f</dt>
  <data>
    2.82762140e-01 4.34464544e-01 6.16666555e-01 5.71163893e-01
    4.77448612e-01 5.06586790e-01 5.85456431e-01 5.89256465e-01
    7.23087907e-01 7.83328831e-01 5.70673764e-01 7.50399888e-01
    7.16495574e-01 6.50823832e-01 6.75032914e-01 5.18211782e-01
    1.60197645e-01 4.34406787e-01 3.54720771e-01 3.81201649e+00
    2.08623782e-01 2.99538255e-01 7.12197244e-01 1.18524706e+00
    2.66259879e-01 3.44475806e-01 3.66731226e-01 3.59895945e-01
    5.92996061e-01 2.23786309e-01 1.70951486e+00 1.35267150e+00
    2.48678267e-01 6.74647391e-01 5.06175995e-01 3.21404636e-01
    2.63729542e-01 4.93979633e-01 5.01690805e-01 2.02634764e+00</data></per_view_reprojection_errors>
<!-- a set of 6-tuples (rotation vector + translation vector) for each view -->
<extrinsic_parameters type_id="opencv-matrix">
  <rows>40</rows>
  <cols>6</cols>
  <dt>d</dt>
  <data>
    -6.3098197073315682e-02 8.4894665715271642e-02
    1.0519792973491237e-02 -3.1864303726264178e+00
    -3.5073913159624079e+00 2.3148621903613030e+01
    -8.6392550279131827e-02 5.3594001640366179e-02
    -7.2555056313443342e-03 -3.3967188391554619e+00
    -2.9474737967621940e+00 2.2323811310931227e+01
    -7.6345208730665892e-01 1.3074896190143815e-02
    8.3747509254685874e-03 -3.5171471243183805e+00
    -1.1368798671549059e+00 2.4759094490839857e+01
    -2.7173505040803703e-01 9.5996738457985190e-02
    -2.5578610726944919e-02 -6.3802203909675175e+00
    -2.8539637142415057e+00 2.3763250351337497e+01
    -9.0611436733270323e-02 1.4783601503527022e-01
    -5.4295309952960592e-02 -9.2591899999604710e+00
    -2.7062138572569454e+00 2.3493077481510571e+01
    -1.0226796945977426e-01 1.5843563644655301e-01
    -4.0021919791195759e-01 -1.0351688559139825e+01
    5.2660043215410013e-01 2.3062478831661842e+01
    -1.7125974971938243e-01 1.5121243997564715e-01
    -1.5313769496663761e+00 -8.5489387237856853e+00
    5.4790762115222824e+00 2.2351715403317730e+01
    -1.7328249205881965e-01 1.6338274476530487e-01
    -1.5150247905897418e+00 -7.9034301893422603e+00
    4.4614268568512045e+00 2.2134151495146632e+01
    -1.8894017056356902e-01 1.4267702504725860e-01
    -1.8827933893362575e-01 -8.5364541389874002e+00
    -1.9534902523573439e+00 2.6577111496356085e+01
    -5.0220506089533112e-01 1.4738422684792146e-01
    -7.3587001787226505e-02 -4.3824175796140814e+00
    -2.9053812550742539e+00 2.7684869028418621e+01
    7.1496081563582881e-01 7.0905570854124883e-02
    -7.3884716106247028e-02 -4.4999480379224481e+00
    -2.1065808188560946e+00 2.1305339113645115e+01
    7.3327680937996143e-01 9.0125655387669382e-02
    -1.6609796275537428e-01 -8.4052777911757524e+00
    -1.2286759286804019e+00 2.1438669189003356e+01
    6.9975077352794735e-01 7.8986913144449930e-02
    -9.5626648915920445e-02 -3.2203251816459550e+00
    -1.7123696210152657e+00 2.0977311954591567e+01
    7.0032515945079521e-01 4.7226350880890354e-02
    -5.7652013271130190e-02 -1.0105233903958517e+00
    -1.5825624236400022e+00 2.0431139736534092e+01
    7.0298256661634972e-01 3.3213873258625938e-02
    -5.9183932796059095e-02 -9.1393731665429534e-01
    -1.4778693289779385e+00 2.0329405773288325e+01
    -2.8685492375786829e-02 -5.5891724066199622e-01
    -4.2083070073174647e-02 -1.7025777939334317e+00
    -1.9388856823491623e+00 2.0487226620806030e+01
    -1.9193051027295020e-02 2.9373505408796607e-01
    -2.5770339394858351e-02 2.3148879745953269e-01
    -2.0693119698068982e+00 2.5876723459050361e+01
    -6.0241410838132656e-02 5.1983375141125499e-01
    -1.1039601117470214e-01 -1.0060791194605907e+00
    -1.5578358099015246e+00 2.6475790552073192e+01
    6.6035071232994442e-03 5.7342933199269053e-01
    -1.1475164637054494e-01 -3.6000241727647437e+00
    -1.5177090344200563e+00 2.6565410395182074e+01
    -7.4061413158621037e-01 2.3662366412387451e-01
    1.3535128941205371e-02 -3.7207179564227872e+00
    -7.6366797036304357e-01 2.7540493558498866e+01
    1.5857481007971663e-01 1.6594515281514383e-01
    -1.0408806449750356e-01 -4.1986114410497812e+00
    -2.5250394678061840e+00 2.4239528556963219e+01
    -8.3697034970364001e-02 -4.3035129132676092e-01
    -9.4031547709234858e-02 -4.2508816276183525e+00
    -1.2636942590238933e+00 2.1822019140313486e+01
    -7.0042803170253098e-01 -1.3989223572861786e-01
    -7.5096259453736117e-02 -3.9698984257847623e+00
    -7.9015675914518124e-01 2.5615695060541302e+01
    -8.4800371851296552e-01 -1.0127747589550852e-01
    -4.4702485753366231e-02 -3.2722067338772134e+00
    -5.4462918361766621e-01 2.5978184893856714e+01
    4.6699457827058893e-02 4.4875151749631681e-01
    -5.0716076203538338e-02 -3.4467697450851148e-01
    -1.6283744941806946e+00 2.3781928194220388e+01
    3.1869828336231594e-02 5.1004845682786537e-01
    -5.0021069662562402e-02 -1.4506126103946060e+00
    -1.6464731791740816e+00 2.4270607732301741e+01
    8.8641313532594843e-02 6.4702931395970620e-01
    -8.4366652010467988e-02 -5.6919602372934532e+00
    -1.2751675202954935e+00 2.5349288663922760e+01
    4.7119442626024416e-01 3.2828968946750786e-01
    -7.3519716816145553e-02 -6.8026558438818405e+00
    -1.9121909421128469e+00 2.2375309742603903e+01
    7.2424991206629552e-01 1.7103876267205620e-01
    -6.3984537521901017e-02 -6.2753667958159784e+00
    -1.1666519174939340e+00 1.9616610779029362e+01
    -8.2316665534117039e-02 5.6708030464342460e-02
    -3.3240611777014656e-03 -5.4215089378937886e+00
    -2.0221791319630458e+00 2.2703033164925930e+01
    -9.1895139653083302e-01 1.0406238799382850e-02
    2.0997065254734829e-02 -4.8134600870451774e+00
    -4.6914733140339998e-01 2.5880057892094857e+01
    -7.1587916212847524e-01 8.2344382222057047e-02
    1.5511222764227187e-03 -4.6759807773642148e+00
    -8.8625375131049733e-01 2.5239232202201077e+01
    -1.5090974628205525e-01 2.8406099295291481e-01
    -1.7656368164933458e-02 -3.7054076541862542e+00
    -1.7309636419124388e+00 2.3174213334393716e+01
    5.1122259426786554e-01 3.5262648022354626e-02 4.6658023469594769e-03
    -4.2674521772199530e+00 -1.7621438481037874e+00
    1.9352291477373708e+01 3.5901219139936280e-01
    -4.3413190509551458e-01 1.1171226716271030e-02
    -4.2186186687731491e+00 -1.3039957256716579e+00
    1.8283246049790158e+01 3.2000168318600397e-01 5.7157609302721596e-02
    -4.0580294251741693e-02 -2.4369848639605132e+00
    -2.3377687531155908e+00 2.0475127747921917e+01
    9.1994310381312665e-03 3.0494128625363572e-02
    -2.7575980216185677e-02 -2.8680278879339043e+00
    -5.2179755703266402e+00 2.2627985340494032e+01
    -8.0922227383659645e-02 -7.0712432531119906e-01
    -8.9421368608132660e-03 -2.8884441312358597e+00
    -5.4934161269010620e+00 1.9262661874543561e+01
    -1.0446957607712611e-02 -2.6973334841148533e-01
    -5.3163499375406542e-02 -5.5188152439079274e-01
    -2.6076206392069654e+00 2.0874954115599159e+01
    -8.8430607283432661e-01 -5.1096345046004125e-02
    -3.4201994650291244e-02 -2.8171506103677357e+00
