<?xml version="1.0"?>
<opencv_storage>
<calibration_time>"Sun Jun  7 15:50:31 2015"</calibration_time>
<nframes>40</nframes>
<image_width>640</image_width>
<image_height>480</image_height>
<board_width>9</board_width>
<board_height>6</board_height>
<square_size>1.</square_size>
<flags>0</flags>
<camera_matrix type_id="opencv-matrix">
  <rows>3</rows>
  <cols>3</cols>
  <dt>d</dt>
  <data>
    7.8687588405806980e+02 0. 3.0924986541565119e+02 0.
    7.8626102041886611e+02 2.3240645099418839e+02 0. 0. 1.</data></camera_matrix>
<distortion_coefficients type_id="opencv-matrix">
  <rows>5</rows>
  <cols>1</cols>
  <dt>d</dt>
  <data>
    -7.7343853895811221e-02 4.2168751800951665e-01
    -1.3637916294865023e-03 -7.1801673371559764e-04
    -1.3228898365070973e+00</data></distortion_coefficients>
<avg_reprojection_error>8.5434732163625060e-01</avg_reprojection_error>
<per_view_reprojection_errors type_id="opencv-matrix">
  <rows>40</rows>
  <cols>1</cols>
  <dt>f</dt>
  <data>
    3.24415207e-01 4.25576419e-01 8.53244781e-01 5.09536266e-01
    4.14352834e-01 5.41762054e-01 7.09451556e-01 2.30694366e+00
    2.96716571e-01 7.92326093e-01 6.27224922e-01 3.39859098e-01
    5.65008402e-01 2.27252930e-01 3.87053996e-01 3.67399722e-01
    6.01385295e-01 1.29632449e+00 1.15305614e+00 1.16941464e+00
    3.98243636e-01 6.31189764e-01 6.27568960e-01 6.13264501e-01
    7.54527867e-01 3.58355016e-01 3.41341823e-01 9.41500425e-01
    1.89843953e+00 4.11069959e-01 2.10667467e+00 3.89926046e-01
    2.22280085e-01 6.99216247e-01 2.21386880e-01 3.58400464e-01
    3.19012016e-01 3.53684276e-01 1.41279876e+00 8.26344371e-01</data></per_view_reprojection_errors>
<!-- a set of 6-tuples (rotation vector + translation vector) for each view -->
<extrinsic_parameters type_id="opencv-matrix">
  <rows>40</rows>
  <cols>6</cols>
  <dt>d</dt>
  <data>
    -4.4568287404641721e-02 -7.7532817507265539e-02
    1.4917490918467111e-03 -5.9667651476357788e+00
    -2.7763103201605568e+00 2.0580212869006658e+01
    -7.3625787459731681e-02 1.5512747949170425e-02
    3.0606060723704455e-02 -5.5733979088377588e+00
    -2.5872300784565350e+00 2.0876194656918162e+01
    -5.8421052781451162e-02 -7.0198013272936821e-01
    -1.2793122524736699e-02 -7.0903207827587282e+00
    -2.2185880423070583e+00 1.9022890475289113e+01
    8.5038779603029500e-03 -8.1887499054427410e-02
    -4.9734446144723166e-02 -7.8216835502373900e+00
    -2.3893346220273171e+00 2.1749271435055455e+01
    8.6631289009491588e-02 5.5118548118714961e-01 5.8583985054529077e-03
    -5.0947137828779088e-01 -2.6692002518914011e+00
    2.3837955053400687e+01 -5.2923805707873209e-02
    3.7274560941142221e-01 1.2660966989791198e-01
    -3.1221348643368163e-01 -2.7646785439858621e+00
    2.2865622344232381e+01 -4.2979761946089429e-01
    1.2897319654885822e-01 1.0648740229540377e-01
    -1.7669095470168414e+00 -2.0027343402472986e+00
    2.3903075123712682e+01 -9.4518150720490901e-01
    3.2533833405845800e-02 6.7268835064376184e-02
    -2.9337591477654743e+00 -9.8380501326612546e-01
    2.6173311306486710e+01 -1.5284220793557673e-01
    2.7692454148200620e-02 5.4484549457191674e-02
    -3.4762097424819713e+00 -3.1174498059019897e+00
    2.2982899498970799e+01 5.0497841988378145e-01
    -4.6875559798693830e-02 5.9234748021771221e-02
    -3.7708743349619249e+00 -3.0911757109924327e+00
    1.8962689105866495e+01 4.0431908702184050e-01
    -2.4016468254624890e-01 5.1819774830723773e-02
    -4.1423247593419976e+00 -2.6997379085975028e+00
    1.8649813364356124e+01 4.0606144751839060e-02
    -4.7561283182760650e-01 2.6569841619204164e-02
    -4.7490393277254039e+00 -2.5087405578951687e+00
    1.8768920446112190e+01 -6.2095167387012352e-02
    -6.2799112593476181e-01 1.8816765276267872e-02
    -5.2046472454730184e+00 -2.6984145838523244e+00
    1.9155947604152828e+01 -2.9990752085880285e-02
    1.6543209597810649e-01 3.9008873316994458e-02
    -2.9856013038478872e+00 -2.0753939997866055e+00
    2.2362360067588398e+01 -1.2235174773910618e-02
    4.4034426326660497e-01 4.9318138693438936e-02
    -1.7776565294808457e+00 -1.8169199625511898e+00
    2.3587359837543680e+01 -4.2874981786318031e-02
    2.4492550890128437e-01 8.0505014238804851e-02
    -1.7424906213512141e+00 -1.9054989511510800e+00
    2.2160533305118417e+01 -2.9831793985870836e-01
    1.2714462343974817e-01 8.7348460543253507e-03
    -3.1134419523635617e+00 -1.9346732312765875e+00
    2.2670271818806988e+01 -5.9706026916440302e-01
    1.5803212667584152e-01 -4.4160570780701611e-02
    -3.6478469570603300e+00 -1.3363828869436067e+00
    2.4098656293502959e+01 -9.2920864075866083e-01
    -2.5927012683524389e-02 -1.9274308725884027e-02
    -4.4648311623499328e+00 -1.1820241606064119e+00
    2.2935781180159385e+01 -4.7736136172602522e-01
    6.7671709967856153e-02 -7.1262025307001764e-02
    -4.9192063698723967e+00 -1.7908183592328595e+00
    2.2027152097930994e+01 8.6941986939377450e-02 5.3240189392389381e-01
    8.4323948647951327e-02 -2.2149677424565311e+00
    -2.4683438489874137e+00 2.2884957853602280e+01
    7.3016775257290534e-01 1.2955761378939976e-01
    -5.4919446868069268e-03 -4.6936575116800192e+00
    -1.8268002431926860e+00 1.8447926896484258e+01
    7.7656319003565233e-01 1.3683151575728794e-01
    -2.7828938368473586e-02 -5.0187557024103793e+00
    -2.1171576579832676e+00 1.8346570216395271e+01
    7.6651523624498918e-01 1.2629737744770420e-01
    -7.2497538377161025e-02 -5.5993103675566624e+00
    -4.4677700223229238e+00 1.8660618472816203e+01
    6.6829512027096472e-02 -2.7505578349024635e-02
    -6.2923522070411769e-02 -5.3946279977166389e+00
    -2.0210298571630667e+00 2.0038221165769624e+01
    -2.6086503911983955e-01 3.6816027922493055e-02
    5.9936444353334735e-02 -4.2783909679863426e+00
    1.2470253649861205e+00 2.3238152271250097e+01
    -2.3211006147573174e-01 -9.3491480286029674e-02
    -5.3179691207515556e-01 -6.9737295073234744e+00
    1.4287196146392647e+00 2.2689189911640334e+01
    -6.4618930011678621e-01 -3.7069521411260598e-01
    -6.0795833703256041e-01 -7.7457942061106344e+00
    1.8302771307233259e+00 2.1980320145070451e+01
    -7.9184560082207134e-01 -5.2126639631424032e-01
    -6.8044690059459634e-01 -7.9789811465386524e+00
    1.9148525427405316e+00 2.1160649315926594e+01
    -1.3388774682206556e-01 -1.6431261777819034e-01
    -1.4289660659023870e-01 -7.0327059038223023e+00
    -2.6958915871591058e+00 2.1778694450386926e+01
    -9.6705045680216220e-02 -6.8459707127208336e-02
    -8.3252857863535978e-02 -4.7575172554410630e+00
    -2.3047912070289032e+00 2.2291085733746552e+01
    6.1206428637144927e-02 8.1666569000505035e-02
    -1.8229631957016681e-03 8.5325969868495943e-01
    -2.6108950277500798e+00 2.2885511657993931e+01
    5.0852807027539901e-02 7.9339382616596218e-02
    -1.2528099343025786e-02 -5.4389866312652879e-01
    -2.7468274691300554e+00 2.3226394640949479e+01
    -9.2801453203514170e-02 -4.5452963602075952e-01
    -3.7680991177901968e-02 -2.4672979361998415e+00
    -2.5297089173510172e+00 2.1029410913857948e+01
    3.8399008517780171e-02 2.8492318779748749e-01 1.2212476068953480e-02
    -1.3827727124584974e+00 -2.7839033407119680e+00
    2.3486880043389530e+01 4.9413904680384202e-01 2.0797155277983315e-01
    7.8113814958011502e-03 -1.8111401821760944e+00
    -2.5994965924990630e+00 2.1156526804753273e+01
    5.3316164933303767e-01 1.4503850027898529e-01 3.5890997825663235e-03
    -2.1525998804808109e+00 -2.4105551297718937e+00
    2.0560436206443168e+01 -1.4022176086001423e-01
    -4.8690208557699166e-01 -7.5467706007211866e-02
    -3.0598945064932273e+00 -2.5178555065727894e+00
    2.1357185600583339e+01 -4.9261648686191700e-01
    -8.2673569525482971e-01 -1.3723119999438668e-01
    -4.1177934094084057e+00 -2.1382467448719673e+00
    2.1810146347004505e+01 -2.6979702309273113e-01
    -7.8381148537336287e-01 -8.0668568749786590e-02
    -4.1247710479322821e+00 -2.2373432181525450e+00
